Create sequence of unique numbers
196 77 151 156 381 245 27 66 170 376 342 356 195 291 201 93 44 112 353 166 41 269 176 141 21 390 138 113 361 336 9 42 40 257 209 260 70 49 43 11 33 35 110 179 104 365 134 107 370 309 165 341 349 277 174 238 288 98 157 324 161 140 194 330 275 129 232 273 359 259 36 108 6 397 116 230 46 101 51 8 84 344 335 0 293 229 133 391 343 2 274 124 199 78 74 100 253 384 4 367 319 76 348 354 63 321 237 121 149 210 30 279 152 190 52 395 39 398 276 160 69 144 233 320 247 132 139 37 23 318 55 266 17 119 58 239 283 115 363 189 26 148 204 19 263 175 127 208 271 346 64 304 292 300 154 315 97 171 126 94 205 347 28 191 180 3 92 22 54 244 270 60 339 82 125 202 264 187 5 85 183 362 216 329 181 186 314 306 120 47 351 290 243 278 386 366 396 56 368 83 122 155 14 378 392 220 258 268 389 333 137 68 322 177 90 280 236 303 272 307 385 89 123 311 31 24 261 248 372 282 29 91 53 48 246 88 136 95 317 162 20 99 345 212 252 284 81 87 332 305 73 184 296 75 294 217 240 12 185 142 168 295 10 167 163 377 105 225 256 57 234 393 117 312 325 340 145 109 153 72 50 337 86 302 215 255 310 226 334 15 369 374 371 383 379 326 235 219 364 251 213 388 111 1 7 352 135 207 146 299 38 227 193 192 355 399 80 289 34 387 198 323 188 242 338 224 281 373 267 118 214 285 375 222 287 106 206 79 297 308 159 262 62 147 13 254 286 143 241 231 25 182 249 164 316 357 32 223 103 150 45 96 301 221 71 172 67 158 382 59 61 131 197 360 18 228 128 200 350 218 102 313 250 265 114 394 65 380 130 203 328 298 327 358 173 178 169 211 331 16 Size of binary tree        : 400
Height of binary tree      : 17
Sum of paths of binary tree: 3497
Middle height f binary tree: 9.742500
Control sum of binary tree : 79800
0 1 2 3 4 5 6 7 8 9 10 11 12 13 14 15 16 17 18 19 20 21 22 23 24 25 26 27 28 29 30 31 32 33 34 35 36 37 38 39 40 41 42 43 44 45 46 47 48 49 50 51 52 53 54 55 56 57 58 59 60 61 62 63 64 65 66 67 68 69 70 71 72 73 74 75 76 77 78 79 80 81 82 83 84 85 86 87 88 89 90 91 92 93 94 95 96 97 98 99 100 101 102 103 104 105 106 107 108 109 110 111 112 113 114 115 116 117 118 119 120 121 122 123 124 125 126 127 128 129 130 131 132 133 134 135 136 137 138 139 140 141 142 143 144 145 146 147 148 149 150 151 152 153 154 155 156 157 158 159 160 161 162 163 164 165 166 167 168 169 170 171 172 173 174 175 176 177 178 179 180 181 182 183 184 185 186 187 188 189 190 191 192 193 194 195 196 197 198 199 200 201 202 203 204 205 206 207 208 209 210 211 212 213 214 215 216 217 218 219 220 221 222 223 224 225 226 227 228 229 230 231 232 233 234 235 236 237 238 239 240 241 242 243 244 245 246 247 248 249 250 251 252 253 254 255 256 257 258 259 260 261 262 263 264 265 266 267 268 269 270 271 272 273 274 275 276 277 278 279 280 281 282 283 284 285 286 287 288 289 290 291 292 293 294 295 296 297 298 299 300 301 302 303 304 305 306 307 308 309 310 311 312 313 314 315 316 317 318 319 320 321 322 323 324 325 326 327 328 329 330 331 332 333 334 335 336 337 338 339 340 341 342 343 344 345 346 347 348 349 350 351 352 353 354 355 356 357 358 359 360 361 362 363 364 365 366 367 368 369 370 371 372 373 374 375 376 377 378 379 380 381 382 383 384 385 386 387 388 389 390 391 392 393 394 395 396 397 398 399 
How many vertices are freed: 400
Size of binary tree        : 400
Height of binary tree      : 9
Sum of paths of binary tree: 2698
Middle height f binary tree: 7.745000
Control sum of binary tree : 79800
0 1 2 3 4 5 6 7 8 9 10 11 12 13 14 15 16 17 18 19 20 21 22 23 24 25 26 27 28 29 30 31 32 33 34 35 36 37 38 39 40 41 42 43 44 45 46 47 48 49 50 51 52 53 54 55 56 57 58 59 60 61 62 63 64 65 66 67 68 69 70 71 72 73 74 75 76 77 78 79 80 81 82 83 84 85 86 87 88 89 90 91 92 93 94 95 96 97 98 99 100 101 102 103 104 105 106 107 108 109 110 111 112 113 114 115 116 117 118 119 120 121 122 123 124 125 126 127 128 129 130 131 132 133 134 135 136 137 138 139 140 141 142 143 144 145 146 147 148 149 150 151 152 153 154 155 156 157 158 159 160 161 162 163 164 165 166 167 168 169 170 171 172 173 174 175 176 177 178 179 180 181 182 183 184 185 186 187 188 189 190 191 192 193 194 195 196 197 198 199 200 201 202 203 204 205 206 207 208 209 210 211 212 213 214 215 216 217 218 219 220 221 222 223 224 225 226 227 228 229 230 231 232 233 234 235 236 237 238 239 240 241 242 243 244 245 246 247 248 249 250 251 252 253 254 255 256 257 258 259 260 261 262 263 264 265 266 267 268 269 270 271 272 273 274 275 276 277 278 279 280 281 282 283 284 285 286 287 288 289 290 291 292 293 294 295 296 297 298 299 300 301 302 303 304 305 306 307 308 309 310 311 312 313 314 315 316 317 318 319 320 321 322 323 324 325 326 327 328 329 330 331 332 333 334 335 336 337 338 339 340 341 342 343 344 345 346 347 348 349 350 351 352 353 354 355 356 357 358 359 360 361 362 363 364 365 366 367 368 369 370 371 372 373 374 375 376 377 378 379 380 381 382 383 384 385 386 387 388 389 390 391 392 393 394 395 396 397 398 399 
How many vertices are freed: 400
